0209003846
0262012490
0268035423
0269017297
0269039075
0273057743
0274986240
0276921859
0278188041
0326508270
1001276194
1327012704
1402024733
1435203664
1504034650
1644067704
1650104792
1657100028
1657251838
1661006130
1900016319
2013005730
2129047513
2130036763
2130161309
2203001684
2222074381
2222861702
2222878449
2317037613
2317071565
2345009093
2508135770
2539085858
2543083652
2629007090
2632092546
2632805821
2632809294
2635083892
2635133494
2721200296
2721204734
2722084469
2723173993
2804013606
2807013202
2807014622
3102020611
3108007039
3123480289
3127010848
3128114409
3257011105
3301023159
3328006922
3329081506
3334010980
3435309745
3442072906
3525447669
3527023979
3528087686
3528188170
3662123419
3665048625
3808204949
3811462523
3813003187
3820013891
3851003928
3904002705
3906202900
4025018800
4025426126
4027126463
4205053755
4205262565
4223048130
4230020792
4246009321
4253050458
4338007116
4345308107
4345373032
4345445520
4345484575
4345525126
4345532155
4632045910
4632077950
4705036300
4715012820
4823020553
4823027005
5001011269
5012088739
5012094098
5012104211
5017031461
5018102370
5018164129
5021001205
5022042123
5027238338
5029249293
5030000180
5031069322
5032250108
5038129154
5047136983
5047179842
5047200815
5048016784
5050091154
5053067907
5054002211
5072004388
5107909616
5110008555
5190005853
5190083964
5190085150
5247046800
5249060110
5256053000
5260159627
5321100655
5406289858
5406815934
5407190026
5501174367
5603012816
5610082885
5610219642
5610222821
5612084694
5753001436
5829901341
5836311618
5902233588
5903132688
5904155021
5906996326
5911067993
5919021461
5981001523
6140019500
6147024080
6154093976
6164203762
6167091415
6168104730
6230045230
6234180102
6316274351
6372023680
6439085435
6451115277
6612053793
6625041160
6629025868
6632033072
6671163572
6679033670
6679075751
7017066186
7017076113
7017097265
7017110100
7017135954
7017432650
7021055853
7104002478
7105507344
7116507152
7202242446
7203462412
7224068833
7327032740
7327037996
7327061029
7328057152
7445043322
7455017240
7536091443
7602066805
7604204144
7610096909
7702407960
7703431652
7704184928
7704408737
7704496638
7704783431
7704841394
7705513318
7707310881
7707357262
7708376490
7709464492
7714780197
7714970906
7714996020
7715524076
7715911798
7716519135
7716652715
7716922418
7720740724
7722140024
7723662841
7725411265
7725701983
7727781092
7728880804
7731345677
7731406440
7733009399
7733424839
7733616932
7743706310
7751012789
7801595948
7802024746
7802543879
7802618771
7804614853
7806419569
7806583470
7807041417
7807318813
7810389885
7810652399
7811774054
7814019451
7814102156
7814545863
7814792870
7817019040
7838432820
7840070905
7840087426
7842153410
7842220627
7843006930
8603085753
8603223121
8610018719
8622001893
8904070246
8904077957
8904088500
8905064975
9103083936
9103086567
9704142470
9709028813
9718136237
9725026073
9725116305
